num=11
birth_rates=array([0.  , 2.37, 3.15, 2.23, 1.3 , 0.  , 0.  , 0.  ], dtype=float32), survival_rates=array([0.59, 0.49, 0.37, 0.24, 0.12, 0.05, 0.01], dtype=float32)
L_culled=array([[0.        , 2.36999989, 3.1500001 , 2.23000002, 1.29999995,
        0.        , 0.        , 0.        ],
       [0.58999997, 0.        , 0.        , 0.        , 0.        ,
        0.        , 0.        , 0.        ],
       [0.        , 0.49000001, 0.        , 0.        , 0.        ,
        0.        , 0.        , 0.        ],
       [0.        , 0.        , 0.37      , 0.        , 0.        ,
        0.        , 0.        , 0.        ],
       [0.        , 0.        , 0.        , 0.23999999, 0.        ,
        0.        , 0.        , 0.        ],
       [0.        , 0.        , 0.        , 0.        , 0.12      ,
        0.        , 0.        , 0.        ],
       [0.        , 0.        , 0.        , 0.        , 0.        ,
        0.05      , 0.        , 0.        ],
       [0.        , 0.        , 0.        , 0.        , 0.        ,
        0.        , 0.01      , 0.        ]])
L_n=array([[1., 0., 0., 0., 0., 0., 0., 0.],
       [0., 1., 0., 0., 0., 0., 0., 0.],
       [0., 0., 1., 0., 0., 0., 0., 0.],
       [0., 0., 0., 1., 0., 0., 0., 0.],
       [0., 0., 0., 0., 1., 0., 0., 0.],
       [0., 0., 0., 0., 0., 1., 0., 0.],
       [0., 0., 0., 0., 0., 0., 1., 0.],
       [0., 0., 0., 0., 0., 0., 0., 1.]]), i=array([[105.  ],
       [155.  ],
       [101.  ],
       [ 34.  ],
       [ 48.35],
       [ 30.65],
       [ 21.  ],
       [  5.  ]], dtype=float32)
Population vector: [[105.        ]
 [155.        ]
 [101.        ]
 [ 34.        ]
 [ 48.34999847]
 [ 30.64999962]
 [ 21.        ]
 [  5.        ]]
Sum: 499.99999809265137
L_n=array([[0.        , 2.36999989, 3.1500001 , 2.23000002, 1.29999995,
        0.        , 0.        , 0.        ],
       [0.58999997, 0.        , 0.        , 0.        , 0.        ,
        0.        , 0.        , 0.        ],
       [0.        , 0.49000001, 0.        , 0.        , 0.        ,
        0.        , 0.        , 0.        ],
       [0.        , 0.        , 0.37      , 0.        , 0.        ,
        0.        , 0.        , 0.        ],
       [0.        , 0.        , 0.        , 0.23999999, 0.        ,
        0.        , 0.        , 0.        ],
       [0.        , 0.        , 0.        , 0.        , 0.12      ,
        0.        , 0.        , 0.        ],
       [0.        , 0.        , 0.        , 0.        , 0.        ,
        0.05      , 0.        , 0.        ],
       [0.        , 0.        , 0.        , 0.        , 0.        ,
        0.        , 0.01      , 0.        ]]), i=array([[105.  ],
       [155.  ],
       [101.  ],
       [ 34.  ],
       [ 48.35],
       [ 30.65],
       [ 21.  ],
       [  5.  ]], dtype=float32)
Population vector: [[8.24174988e+02]
 [6.19499972e+01]
 [7.59500015e+01]
 [3.73700005e+01]
 [8.15999982e+00]
 [5.80199969e+00]
 [1.53250000e+00]
 [2.09999995e-01]]
Sum: 1015.149486963071
L_n=array([[1.39829987e+00, 1.54350008e+00, 8.25100018e-01, 3.11999982e-01,
        0.00000000e+00, 0.00000000e+00, 0.00000000e+00, 0.00000000e+00],
       [0.00000000e+00, 1.39829987e+00, 1.85849997e+00, 1.31569995e+00,
        7.66999938e-01, 0.00000000e+00, 0.00000000e+00, 0.00000000e+00],
       [2.89099993e-01, 0.00000000e+00, 0.00000000e+00, 0.00000000e+00,
        0.00000000e+00, 0.00000000e+00, 0.00000000e+00, 0.00000000e+00],
       [0.00000000e+00, 1.81300006e-01, 0.00000000e+00, 0.00000000e+00,
        0.00000000e+00, 0.00000000e+00, 0.00000000e+00, 0.00000000e+00],
       [0.00000000e+00, 0.00000000e+00, 8.87999992e-02, 0.00000000e+00,
        0.00000000e+00, 0.00000000e+00, 0.00000000e+00, 0.00000000e+00],
       [0.00000000e+00, 0.00000000e+00, 0.00000000e+00, 2.87999987e-02,
        0.00000000e+00, 0.00000000e+00, 0.00000000e+00, 0.00000000e+00],
       [0.00000000e+00, 0.00000000e+00, 0.00000000e+00, 0.00000000e+00,
        5.99999996e-03, 0.00000000e+00, 0.00000000e+00, 0.00000000e+00],
       [0.00000000e+00, 0.00000000e+00, 0.00000000e+00, 0.00000000e+00,
        0.00000000e+00, 4.99999996e-04, 0.00000000e+00, 0.00000000e+00]]), i=array([[105.  ],
       [155.  ],
       [101.  ],
       [ 34.  ],
       [ 48.35],
       [ 30.65],
       [ 21.  ],
       [  5.  ]], dtype=float32)
Population vector: [[4.80007099e+02]
 [4.86263221e+02]
 [3.03554992e+01]
 [2.81015009e+01]
 [8.96879992e+00]
 [9.79199956e-01]
 [2.90099989e-01]
 [1.53249997e-02]]
Sum: 1034.9807459088286
L_n=array([[9.10665005e-01, 3.71826955e+00, 4.52008472e+00, 3.11820874e+00,
        1.81778976e+00, 0.00000000e+00, 0.00000000e+00, 0.00000000e+00],
       [8.24996887e-01, 9.10665005e-01, 4.86808989e-01, 1.84079981e-01,
        0.00000000e+00, 0.00000000e+00, 0.00000000e+00, 0.00000000e+00],
       [0.00000000e+00, 6.85166950e-01, 9.10665005e-01, 6.44692989e-01,
        3.75829977e-01, 0.00000000e+00, 0.00000000e+00, 0.00000000e+00],
       [1.06966999e-01, 0.00000000e+00, 0.00000000e+00, 0.00000000e+00,
        0.00000000e+00, 0.00000000e+00, 0.00000000e+00, 0.00000000e+00],
       [0.00000000e+00, 4.35120004e-02, 0.00000000e+00, 0.00000000e+00,
        0.00000000e+00, 0.00000000e+00, 0.00000000e+00, 0.00000000e+00],
       [0.00000000e+00, 0.00000000e+00, 1.06559997e-02, 0.00000000e+00,
        0.00000000e+00, 0.00000000e+00, 0.00000000e+00, 0.00000000e+00],
       [0.00000000e+00, 0.00000000e+00, 0.00000000e+00, 1.43999996e-03,
        0.00000000e+00, 0.00000000e+00, 0.00000000e+00, 0.00000000e+00],
       [0.00000000e+00, 0.00000000e+00, 0.00000000e+00, 0.00000000e+00,
        5.99999982e-05, 0.00000000e+00, 0.00000000e+00, 0.00000000e+00]]), i=array([[105.  ],
       [155.  ],
       [101.  ],
       [ 34.  ],
       [ 48.35],
       [ 30.65],
       [ 21.  ],
       [  5.  ]], dtype=float32)
Population vector: [[1.32238939e+03]
 [2.83204176e+02]
 [2.38268983e+02]
 [1.12315349e+01]
 [6.74436007e+00]
 [1.07625597e+00]
 [4.89599985e-02]
 [2.90099982e-03]]
Sum: 1862.9665628585599
L_n=array([[2.19377894e+00, 4.37311751e+00, 4.02233210e+00, 2.46705251e+00,
        1.18386446e+00, 0.00000000e+00, 0.00000000e+00, 0.00000000e+00],
       [5.37292329e-01, 2.19377894e+00, 2.66684987e+00, 1.83974307e+00,
        1.07249591e+00, 0.00000000e+00, 0.00000000e+00, 0.00000000e+00],
       [4.04248482e-01, 4.46225861e-01, 2.38536409e-01, 9.01991924e-02,
        0.00000000e+00, 0.00000000e+00, 0.00000000e+00, 0.00000000e+00],
       [0.00000000e+00, 2.53511775e-01, 3.36946056e-01, 2.38536409e-01,
        1.39057093e-01, 0.00000000e+00, 0.00000000e+00, 0.00000000e+00],
       [2.56720791e-02, 0.00000000e+00, 0.00000000e+00, 0.00000000e+00,
        0.00000000e+00, 0.00000000e+00, 0.00000000e+00, 0.00000000e+00],
       [0.00000000e+00, 5.22143994e-03, 0.00000000e+00, 0.00000000e+00,
        0.00000000e+00, 0.00000000e+00, 0.00000000e+00, 0.00000000e+00],
       [0.00000000e+00, 0.00000000e+00, 5.32799991e-04, 0.00000000e+00,
        0.00000000e+00, 0.00000000e+00, 0.00000000e+00, 0.00000000e+00],
       [0.00000000e+00, 0.00000000e+00, 0.00000000e+00, 1.43999992e-05,
        0.00000000e+00, 0.00000000e+00, 0.00000000e+00, 0.00000000e+00]]), i=array([[105.  ],
       [155.  ],
       [101.  ],
       [ 34.  ],
       [ 48.35],
       [ 30.65],
       [ 21.  ],
       [  5.  ]], dtype=float32)
Population vector: [[1.45555518e+03]
 [7.80209706e+02]
 [1.38770049e+02]
 [8.81595249e+01]
 [2.69556831e+00]
 [8.09323190e-01]
 [5.38127991e-02]
 [4.89599974e-04]]
Sum: 2466.253649499247
L_n=array([[2.58013922e+00, 7.17019860e+00, 7.82321330e+00, 5.17625453e+00,
        2.85191251e+00, 0.00000000e+00, 0.00000000e+00, 0.00000000e+00],
       [1.29432952e+00, 2.58013922e+00, 2.37317583e+00, 1.45556092e+00,
        6.98480002e-01, 0.00000000e+00, 0.00000000e+00, 0.00000000e+00],
       [2.63273246e-01, 1.07495170e+00, 1.30675646e+00, 9.01474123e-01,
        5.25523008e-01, 0.00000000e+00, 0.00000000e+00, 0.00000000e+00],
       [1.49571940e-01, 1.65103571e-01, 8.82584725e-02, 3.33737016e-02,
        0.00000000e+00, 0.00000000e+00, 0.00000000e+00, 0.00000000e+00],
       [0.00000000e+00, 6.08428246e-02, 8.08670517e-02, 5.72487369e-02,
        3.33737016e-02, 0.00000000e+00, 0.00000000e+00, 0.00000000e+00],
       [3.08064943e-03, 0.00000000e+00, 0.00000000e+00, 0.00000000e+00,
        0.00000000e+00, 0.00000000e+00, 0.00000000e+00, 0.00000000e+00],
       [0.00000000e+00, 2.61072001e-04, 0.00000000e+00, 0.00000000e+00,
        0.00000000e+00, 0.00000000e+00, 0.00000000e+00, 0.00000000e+00],
       [0.00000000e+00, 0.00000000e+00, 5.32799979e-06, 0.00000000e+00,
        0.00000000e+00, 0.00000000e+00, 0.00000000e+00, 0.00000000e+00]]), i=array([[105.  ],
       [155.  ],
       [101.  ],
       [ 34.  ],
       [ 48.35],
       [ 30.65],
       [ 21.  ],
       [  5.  ]], dtype=float32)
Population vector: [[2.48632256e+03]
 [8.58777515e+02]
 [3.82302764e+02]
 [5.13449188e+01]
 [2.11582855e+01]
 [3.23468190e-01]
 [4.04661601e-02]
 [5.38127979e-04]]
Sum: 3800.270518986817
L_n=array([[4.23041698e+00, 9.94830424e+00, 1.00426530e+01, 6.43816949e+00,
        3.35418086e+00, 0.00000000e+00, 0.00000000e+00, 0.00000000e+00],
       [1.52228207e+00, 4.23041698e+00, 4.61569564e+00, 3.05399004e+00,
        1.68262831e+00, 0.00000000e+00, 0.00000000e+00, 0.00000000e+00],
       [6.34221475e-01, 1.26426824e+00, 1.16285618e+00, 7.13224863e-01,
        3.42255208e-01, 0.00000000e+00, 0.00000000e+00, 0.00000000e+00],
       [9.74111024e-02, 3.97732134e-01, 4.83499896e-01, 3.33545430e-01,
        1.94443515e-01, 0.00000000e+00, 0.00000000e+00, 0.00000000e+00],
       [3.58972649e-02, 3.96248561e-02, 2.11820329e-02, 8.00968821e-03,
        0.00000000e+00, 0.00000000e+00, 0.00000000e+00, 0.00000000e+00],
       [0.00000000e+00, 7.30113878e-03, 9.70404598e-03, 6.86984828e-03,
        4.00484411e-03, 0.00000000e+00, 0.00000000e+00, 0.00000000e+00],
       [1.54032474e-04, 0.00000000e+00, 0.00000000e+00, 0.00000000e+00,
        0.00000000e+00, 0.00000000e+00, 0.00000000e+00, 0.00000000e+00],
       [0.00000000e+00, 2.61071995e-06, 0.00000000e+00, 0.00000000e+00,
        0.00000000e+00, 0.00000000e+00, 0.00000000e+00, 0.00000000e+00]]), i=array([[105.  ],
       [155.  ],
       [101.  ],
       [ 34.  ],
       [ 48.35],
       [ 30.65],
       [ 21.  ],
       [  5.  ]], dtype=float32)
Population vector: [[3.38156129e+03]
 [1.46693025e+03]
 [4.20800991e+02]
 [1.41452024e+02]
 [1.23227802e+01]
 [2.53899420e+00]
 [1.61734097e-02]
 [4.04661592e-04]]
Sum: 5425.622909355259
L_n=array([[5.86949924e+00, 1.49469878e+01, 1.57079366e+01, 1.02388333e+01,
        5.49954188e+00, 0.00000000e+00, 0.00000000e+00, 0.00000000e+00],
       [2.49594591e+00, 5.86949924e+00, 5.92516500e+00, 3.79851983e+00,
        1.97896662e+00, 0.00000000e+00, 0.00000000e+00, 0.00000000e+00],
       [7.45918229e-01, 2.07290436e+00, 2.26169091e+00, 1.49645515e+00,
        8.24487887e-01, 0.00000000e+00, 0.00000000e+00, 0.00000000e+00],
       [2.34661949e-01, 4.67779255e-01, 4.30256793e-01, 2.63893203e-01,
        1.26634428e-01, 0.00000000e+00, 0.00000000e+00, 0.00000000e+00],
       [2.33786641e-02, 9.54557100e-02, 1.16039973e-01, 8.00509014e-02,
        4.66664427e-02, 0.00000000e+00, 0.00000000e+00, 0.00000000e+00],
       [4.30767169e-03, 4.75498262e-03, 2.54184390e-03, 9.61162564e-04,
        0.00000000e+00, 0.00000000e+00, 0.00000000e+00, 0.00000000e+00],
       [0.00000000e+00, 3.65056945e-04, 4.85202306e-04, 3.43492419e-04,
        2.00242208e-04, 0.00000000e+00, 0.00000000e+00, 0.00000000e+00],
       [1.54032470e-06, 0.00000000e+00, 0.00000000e+00, 0.00000000e+00,
        0.00000000e+00, 0.00000000e+00, 0.00000000e+00, 0.00000000e+00]]), i=array([[105.  ],
       [155.  ],
       [101.  ],
       [ 34.  ],
       [ 48.35],
       [ 30.65],
       [ 21.  ],
       [  5.  ]], dtype=float32)
Population vector: [[5.13360531e+03]
 [1.99512108e+03]
 [7.18795835e+02]
 [1.55696369e+02]
 [3.39484851e+01]
 [1.47873359e+00]
 [1.26949712e-01]
 [1.61734094e-04]]
Sum: 8038.772918334523
L_n=array([[8.81872242e+00, 2.16076016e+01, 2.22772916e+01, 1.44088734e+01,
        7.63034874e+00, 0.00000000e+00, 0.00000000e+00, 0.00000000e+00],
       [3.46300440e+00, 8.81872242e+00, 9.26768221e+00, 6.04091140e+00,
        3.24472956e+00, 0.00000000e+00, 0.00000000e+00, 0.00000000e+00],
       [1.22301352e+00, 2.87605468e+00, 2.90333091e+00, 1.86127475e+00,
        9.69693662e-01, 0.00000000e+00, 0.00000000e+00, 0.00000000e+00],
       [2.75989748e-01, 7.66974624e-01, 8.36825647e-01, 5.53688412e-01,
        3.05060522e-01, 0.00000000e+00, 0.00000000e+00, 0.00000000e+00],
       [5.63188664e-02, 1.12267019e-01, 1.03261628e-01, 6.33343673e-02,
        3.03922622e-02, 0.00000000e+00, 0.00000000e+00, 0.00000000e+00],
       [2.80543962e-03, 1.14546849e-02, 1.39247964e-02, 9.60610795e-03,
        5.59997299e-03, 0.00000000e+00, 0.00000000e+00, 0.00000000e+00],
       [2.15383588e-04, 2.37749135e-04, 1.27092197e-04, 4.80581289e-05,
        0.00000000e+00, 0.00000000e+00, 0.00000000e+00, 0.00000000e+00],
       [0.00000000e+00, 3.65056937e-06, 4.85202296e-06, 3.43492411e-06,
        2.00242204e-06, 0.00000000e+00, 0.00000000e+00, 0.00000000e+00]]), i=array([[105.  ],
       [155.  ],
       [101.  ],
       [ 34.  ],
       [ 48.35],
       [ 30.65],
       [ 21.  ],
       [  5.  ]], dtype=float32)
Population vector: [[7.38397960e+03]
 [3.02882700e+03]
 [9.77609346e+02]
 [2.65954462e+02]
 [3.73671276e+01]
 [4.07381812e+00]
 [7.39366808e-02]
 [1.26949709e-03]]
Sum: 11697.886560872148
L_n=array([[1.27484844e+01, 3.18162442e+01, 3.31102597e+01, 2.14970348e+01,
        1.14643387e+01, 0.00000000e+00, 0.00000000e+00, 0.00000000e+00],
       [5.20304600e+00, 1.27484844e+01, 1.31436014e+01, 8.50123495e+00,
        4.50190555e+00, 0.00000000e+00, 0.00000000e+00, 0.00000000e+00],
       [1.69687219e+00, 4.32117407e+00, 4.54116437e+00, 2.96004665e+00,
        1.58991752e+00, 0.00000000e+00, 0.00000000e+00, 0.00000000e+00],
       [4.52515008e-01, 1.06414025e+00, 1.07423245e+00, 6.88671668e-01,
        3.58786660e-01, 0.00000000e+00, 0.00000000e+00, 0.00000000e+00],
       [6.62375381e-02, 1.84073906e-01, 2.00838151e-01, 1.32885216e-01,
        7.32145237e-02, 0.00000000e+00, 0.00000000e+00, 0.00000000e+00],
       [6.75826382e-03, 1.34720420e-02, 1.23913951e-02, 7.60012390e-03,
        3.64707138e-03, 0.00000000e+00, 0.00000000e+00, 0.00000000e+00],
       [1.40271983e-04, 5.72734256e-04, 6.96239830e-04, 4.80305405e-04,
        2.79998654e-04, 0.00000000e+00, 0.00000000e+00, 0.00000000e+00],
       [2.15383583e-06, 2.37749129e-06, 1.27092194e-06, 4.80581278e-07,
        0.00000000e+00, 0.00000000e+00, 0.00000000e+00, 0.00000000e+00]]), i=array([[105.  ],
       [155.  ],
       [101.  ],
       [ 34.  ],
       [ 48.35],
       [ 30.65],
       [ 21.  ],
       [  5.  ]], dtype=float32)
Population vector: [[1.08994449e+04]
 [4.35654777e+03]
 [1.48412526e+03]
 [3.61715463e+02]
 [6.38290696e+01]
 [4.48405521e+00]
 [2.03690909e-01]
 [7.39366792e-04]]
Sum: 17170.35093898862
L_n=array([[1.87715833e+01, 4.64379341e+01, 4.81116301e+01, 3.11805617e+01,
        1.65730291e+01, 0.00000000e+00, 0.00000000e+00, 0.00000000e+00],
       [7.52160546e+00, 1.87715833e+01, 1.95350524e+01, 1.26832500e+01,
        6.76395955e+00, 0.00000000e+00, 0.00000000e+00, 0.00000000e+00],
       [2.54949259e+00, 6.24675748e+00, 6.44036483e+00, 4.16560521e+00,
        2.20593376e+00, 0.00000000e+00, 0.00000000e+00, 0.00000000e+00],
       [6.27842718e-01, 1.59883443e+00, 1.68023084e+00, 1.09521727e+00,
        5.88269489e-01, 0.00000000e+00, 0.00000000e+00, 0.00000000e+00],
       [1.08603599e-01, 2.55393654e-01, 2.57815782e-01, 1.65281197e-01,
        8.61087964e-02, 0.00000000e+00, 0.00000000e+00, 0.00000000e+00],
       [7.94850440e-03, 2.20888682e-02, 2.41005776e-02, 1.59462256e-02,
        8.78574264e-03, 0.00000000e+00, 0.00000000e+00, 0.00000000e+00],
       [3.37913196e-04, 6.73602108e-04, 6.19569763e-04, 3.80006201e-04,
        1.82353572e-04, 0.00000000e+00, 0.00000000e+00, 0.00000000e+00],
       [1.40271980e-06, 5.72734243e-06, 6.96239814e-06, 4.80305394e-06,
        2.79998648e-06, 0.00000000e+00, 0.00000000e+00, 0.00000000e+00]]), i=array([[105.  ],
       [155.  ],
       [101.  ],
       [ 34.  ],
       [ 48.35],
       [ 30.65],
       [ 21.  ],
       [  5.  ]], dtype=float32)
Population vector: [[1.58896157e+04]
 [6.43067220e+03]
 [2.13470845e+03]
 [5.49126352e+02]
 [8.68117091e+01]
 [7.65948818e+00]
 [2.24202764e-01]
 [2.03690904e-03]]
Sum: 25098.82014013372
L_culled=array([[0.        , 2.36999989, 3.1500001 , 2.23000002, 1.29999995,
        0.        , 0.        , 0.        ],
       [0.53099996, 0.        , 0.        , 0.        , 0.        ,
        0.        , 0.        , 0.        ],
       [0.        , 0.44099998, 0.        , 0.        , 0.        ,
        0.        , 0.        , 0.        ],
       [0.        , 0.        , 0.333     , 0.        , 0.        ,
        0.        , 0.        , 0.        ],
       [0.        , 0.        , 0.        , 0.21599999, 0.        ,
        0.        , 0.        , 0.        ],
       [0.        , 0.        , 0.        , 0.        , 0.108     ,
        0.        , 0.        , 0.        ],
       [0.        , 0.        , 0.        , 0.        , 0.        ,
        0.045     , 0.        , 0.        ],
       [0.        , 0.        , 0.        , 0.        , 0.        ,
        0.        , 0.009     , 0.        ]])
L_n=array([[1., 0., 0., 0., 0., 0., 0., 0.],
       [0., 1., 0., 0., 0., 0., 0., 0.],
       [0., 0., 1., 0., 0., 0., 0., 0.],
       [0., 0., 0., 1., 0., 0., 0., 0.],
       [0., 0., 0., 0., 1., 0., 0., 0.],
       [0., 0., 0., 0., 0., 1., 0., 0.],
       [0., 0., 0., 0., 0., 0., 1., 0.],
       [0., 0., 0., 0., 0., 0., 0., 1.]]), i=array([[105.  ],
       [155.  ],
       [101.  ],
       [ 34.  ],
       [ 48.35],
       [ 30.65],
       [ 21.  ],
       [  5.  ]], dtype=float32)
Population vector: [[105.        ]
 [155.        ]
 [101.        ]
 [ 34.        ]
 [ 48.34999847]
 [ 30.64999962]
 [ 21.        ]
 [  5.        ]]
Sum: 499.99999809265137
L_n=array([[0.        , 2.36999989, 3.1500001 , 2.23000002, 1.29999995,
        0.        , 0.        , 0.        ],
       [0.53099996, 0.        , 0.        , 0.        , 0.        ,
        0.        , 0.        , 0.        ],
       [0.        , 0.44099998, 0.        , 0.        , 0.        ,
        0.        , 0.        , 0.        ],
       [0.        , 0.        , 0.333     , 0.        , 0.        ,
        0.        , 0.        , 0.        ],
       [0.        , 0.        , 0.        , 0.21599999, 0.        ,
        0.        , 0.        , 0.        ],
       [0.        , 0.        , 0.        , 0.        , 0.108     ,
        0.        , 0.        , 0.        ],
       [0.        , 0.        , 0.        , 0.        , 0.        ,
        0.045     , 0.        , 0.        ],
       [0.        , 0.        , 0.        , 0.        , 0.        ,
        0.        , 0.009     , 0.        ]]), i=array([[105.  ],
       [155.  ],
       [101.  ],
       [ 34.  ],
       [ 48.35],
       [ 30.65],
       [ 21.  ],
       [  5.  ]], dtype=float32)
Population vector: [[8.24174988e+02]
 [5.57549956e+01]
 [6.83549976e+01]
 [3.36330004e+01]
 [7.34399968e+00]
 [5.22179961e+00]
 [1.37924992e+00]
 [1.88999992e-01]]
Sum: 996.0520311751411
L_n=array([[1.25846984e+00, 1.38914999e+00, 7.42590016e-01, 2.80799978e-01,
        0.00000000e+00, 0.00000000e+00, 0.00000000e+00, 0.00000000e+00],
       [0.00000000e+00, 1.25846984e+00, 1.67264992e+00, 1.18412992e+00,
        6.90299921e-01, 0.00000000e+00, 0.00000000e+00, 0.00000000e+00],
       [2.34170974e-01, 0.00000000e+00, 0.00000000e+00, 0.00000000e+00,
        0.00000000e+00, 0.00000000e+00, 0.00000000e+00, 0.00000000e+00],
       [0.00000000e+00, 1.46852997e-01, 0.00000000e+00, 0.00000000e+00,
        0.00000000e+00, 0.00000000e+00, 0.00000000e+00, 0.00000000e+00],
       [0.00000000e+00, 0.00000000e+00, 7.19279978e-02, 0.00000000e+00,
        0.00000000e+00, 0.00000000e+00, 0.00000000e+00, 0.00000000e+00],
       [0.00000000e+00, 0.00000000e+00, 0.00000000e+00, 2.33279980e-02,
        0.00000000e+00, 0.00000000e+00, 0.00000000e+00, 0.00000000e+00],
       [0.00000000e+00, 0.00000000e+00, 0.00000000e+00, 0.00000000e+00,
        4.85999958e-03, 0.00000000e+00, 0.00000000e+00, 0.00000000e+00],
       [0.00000000e+00, 0.00000000e+00, 0.00000000e+00, 0.00000000e+00,
        0.00000000e+00, 4.04999965e-04, 0.00000000e+00, 0.00000000e+00]]), i=array([[105.  ],
       [155.  ],
       [101.  ],
       [ 34.  ],
       [ 48.35],
       [ 30.65],
       [ 21.  ],
       [  5.  ]], dtype=float32)
Population vector: [[4.32006373e+02]
 [4.37636885e+02]
 [2.45879522e+01]
 [2.27622145e+01]
 [7.26472778e+00]
 [7.93151932e-01]
 [2.34980972e-01]
 [1.24132488e-02]]
Sum: 925.2986984509258
L_n=array([[7.37638589e-01, 3.31005556e+00, 4.05768651e+00, 2.80638777e+00,
        1.63601073e+00, 0.00000000e+00, 0.00000000e+00, 0.00000000e+00],
       [6.68247433e-01, 7.37638589e-01, 3.94315268e-01, 1.49104776e-01,
        0.00000000e+00, 0.00000000e+00, 0.00000000e+00, 0.00000000e+00],
       [0.00000000e+00, 5.54985181e-01, 7.37638589e-01, 5.22201276e-01,
        3.04422255e-01, 0.00000000e+00, 0.00000000e+00, 0.00000000e+00],
       [7.79789352e-02, 0.00000000e+00, 0.00000000e+00, 0.00000000e+00,
        0.00000000e+00, 0.00000000e+00, 0.00000000e+00, 0.00000000e+00],
       [0.00000000e+00, 3.17202459e-02, 0.00000000e+00, 0.00000000e+00,
        0.00000000e+00, 0.00000000e+00, 0.00000000e+00, 0.00000000e+00],
       [0.00000000e+00, 0.00000000e+00, 7.76822343e-03, 0.00000000e+00,
        0.00000000e+00, 0.00000000e+00, 0.00000000e+00, 0.00000000e+00],
       [0.00000000e+00, 0.00000000e+00, 0.00000000e+00, 1.04975986e-03,
        0.00000000e+00, 0.00000000e+00, 0.00000000e+00, 0.00000000e+00],
       [0.00000000e+00, 0.00000000e+00, 0.00000000e+00, 0.00000000e+00,
        4.37399944e-05, 0.00000000e+00, 0.00000000e+00, 0.00000000e+00]]), i=array([[105.  ],
       [155.  ],
       [101.  ],
       [ 34.  ],
       [ 48.35],
       [ 30.65],
       [ 21.  ],
       [  5.  ]], dtype=float32)
Population vector: [[1.17485530e+03]
 [2.29395366e+02]
 [1.92997859e+02]
 [8.18778820e+00]
 [4.91663812e+00]
 [7.84590567e-01]
 [3.56918354e-02]
 [2.11482866e-03]]
Sum: 1611.1753519876218
L_n=array([[1.75763937e+00, 3.53764306e+00, 3.25808877e+00, 1.99831237e+00,
        9.58930131e-01, 0.00000000e+00, 0.00000000e+00, 0.00000000e+00],
       [3.91686060e-01, 1.75763937e+00, 2.15463137e+00, 1.49019179e+00,
        8.68721631e-01, 0.00000000e+00, 0.00000000e+00, 0.00000000e+00],
       [2.94697108e-01, 3.25298607e-01, 1.73893027e-01, 6.57552041e-02,
        0.00000000e+00, 0.00000000e+00, 0.00000000e+00, 0.00000000e+00],
       [0.00000000e+00, 1.84810068e-01, 2.45633653e-01, 1.73893027e-01,
        1.01372612e-01, 0.00000000e+00, 0.00000000e+00, 0.00000000e+00],
       [1.68434493e-02, 0.00000000e+00, 0.00000000e+00, 0.00000000e+00,
        0.00000000e+00, 0.00000000e+00, 0.00000000e+00, 0.00000000e+00],
       [0.00000000e+00, 3.42578641e-03, 0.00000000e+00, 0.00000000e+00,
        0.00000000e+00, 0.00000000e+00, 0.00000000e+00, 0.00000000e+00],
       [0.00000000e+00, 0.00000000e+00, 3.49570039e-04, 0.00000000e+00,
        0.00000000e+00, 0.00000000e+00, 0.00000000e+00, 0.00000000e+00],
       [0.00000000e+00, 0.00000000e+00, 0.00000000e+00, 9.44783837e-06,
        0.00000000e+00, 0.00000000e+00, 0.00000000e+00, 0.00000000e+00]]), i=array([[105.  ],
       [155.  ],
       [101.  ],
       [ 34.  ],
       [ 48.35],
       [ 30.65],
       [ 21.  ],
       [  5.  ]], dtype=float32)
Population vector: [[1.17626066e+03]
 [6.23848117e+02]
 [1.01163353e+02]
 [6.42682880e+01]
 [1.76856217e+00]
 [5.30996894e-01]
 [3.53065740e-02]
 [3.21226505e-04]]
Sum: 1967.8756094338582
L_n=array([[1.87848832e+00, 5.60242220e+00, 6.20200220e+00, 4.12666472e+00,
        2.28493109e+00, 0.00000000e+00, 0.00000000e+00, 0.00000000e+00],
       [9.33306431e-01, 1.87848832e+00, 1.73004500e+00, 1.06110379e+00,
        5.09191860e-01, 0.00000000e+00, 0.00000000e+00, 0.00000000e+00],
       [1.72733547e-01, 7.75118934e-01, 9.50192401e-01, 6.57174556e-01,
        3.83106226e-01, 0.00000000e+00, 0.00000000e+00, 0.00000000e+00],
       [9.81341382e-02, 1.08324437e-01, 5.79063787e-02, 2.18964833e-02,
        0.00000000e+00, 0.00000000e+00, 0.00000000e+00, 0.00000000e+00],
       [0.00000000e+00, 3.99189729e-02, 5.30568668e-02, 3.75608922e-02,
        2.18964833e-02, 0.00000000e+00, 0.00000000e+00, 0.00000000e+00],
       [1.81909244e-03, 0.00000000e+00, 0.00000000e+00, 0.00000000e+00,
        0.00000000e+00, 0.00000000e+00, 0.00000000e+00, 0.00000000e+00],
       [0.00000000e+00, 1.54160382e-04, 0.00000000e+00, 0.00000000e+00,
        0.00000000e+00, 0.00000000e+00, 0.00000000e+00, 0.00000000e+00],
       [0.00000000e+00, 0.00000000e+00, 3.14613022e-06, 0.00000000e+00,
        0.00000000e+00, 0.00000000e+00, 0.00000000e+00, 0.00000000e+00]]), i=array([[105.  ],
       [155.  ],
       [101.  ],
       [ 34.  ],
       [ 48.35],
       [ 30.65],
       [ 21.  ],
       [  5.  ]], dtype=float32)
Population vector: [[1.94280195e+03]
 [6.24594364e+02]
 [2.75117010e+02]
 [3.36873970e+01]
 [1.38819496e+01]
 [1.91004707e-01]
 [2.38948592e-02]
 [3.17759152e-04]]
Sum: 2890.2978899337018
L_n=array([[2.97488595e+00, 7.18709998e+00, 7.29141775e+00, 4.68257408e+00,
        2.44203473e+00, 0.00000000e+00, 0.00000000e+00, 0.00000000e+00],
       [9.97477220e-01, 2.97488595e+00, 3.29326291e+00, 2.19125880e+00,
        1.21329832e+00, 0.00000000e+00, 0.00000000e+00, 0.00000000e+00],
       [4.11588122e-01, 8.28413320e-01, 7.62949818e-01, 4.67946754e-01,
        2.24553602e-01, 0.00000000e+00, 0.00000000e+00, 0.00000000e+00],
       [5.75202718e-02, 2.58114608e-01, 3.16414074e-01, 2.18839130e-01,
        1.27574375e-01, 0.00000000e+00, 0.00000000e+00, 0.00000000e+00],
       [2.11969729e-02, 2.33980775e-02, 1.25077773e-02, 4.72964018e-03,
        0.00000000e+00, 0.00000000e+00, 0.00000000e+00, 0.00000000e+00],
       [0.00000000e+00, 4.31124888e-03, 5.73014137e-03, 4.05657618e-03,
        2.36482009e-03, 0.00000000e+00, 0.00000000e+00, 0.00000000e+00],
       [8.18591565e-05, 0.00000000e+00, 0.00000000e+00, 0.00000000e+00,
        0.00000000e+00, 0.00000000e+00, 0.00000000e+00, 0.00000000e+00],
       [0.00000000e+00, 1.38744338e-06, 0.00000000e+00, 0.00000000e+00,
        0.00000000e+00, 0.00000000e+00, 0.00000000e+00, 0.00000000e+00]]), i=array([[105.  ],
       [155.  ],
       [101.  ],
       [ 34.  ],
       [ 48.35],
       [ 30.65],
       [ 21.  ],
       [  5.  ]], dtype=float32)
Population vector: [[2.44007661e+03]
 [1.03162776e+03]
 [2.75446105e+02]
 [9.16139655e+01]
 [7.27647744e+00]
 [1.49925049e+00]
 [8.59521143e-03]
 [2.15053724e-04]]
Sum: 3847.5489737111307
L_n=array([[3.81634979e+00, 1.02659945e+01, 1.09301882e+01, 7.16147521e+00,
        3.86735160e+00, 0.00000000e+00, 0.00000000e+00, 0.00000000e+00],
       [1.57966432e+00, 3.81634979e+00, 3.87174253e+00, 2.48644664e+00,
        1.29672034e+00, 0.00000000e+00, 0.00000000e+00, 0.00000000e+00],
       [4.39887439e-01, 1.31192466e+00, 1.45232889e+00, 9.66345096e-01,
        5.35064539e-01, 0.00000000e+00, 0.00000000e+00, 0.00000000e+00],
       [1.37058846e-01, 2.75861639e-01, 2.54062293e-01, 1.55826271e-01,
        7.47763505e-02, 0.00000000e+00, 0.00000000e+00, 0.00000000e+00],
       [1.24243782e-02, 5.57527530e-02, 6.83454370e-02, 4.72692501e-02,
        2.75560638e-02, 0.00000000e+00, 0.00000000e+00, 0.00000000e+00],
       [2.28927298e-03, 2.52699226e-03, 1.35083989e-03, 5.10801118e-04,
        0.00000000e+00, 0.00000000e+00, 0.00000000e+00, 0.00000000e+00],
       [0.00000000e+00, 1.94006191e-04, 2.57856351e-04, 1.82545920e-04,
        1.06416899e-04, 0.00000000e+00, 0.00000000e+00, 0.00000000e+00],
       [7.36732376e-07, 0.00000000e+00, 0.00000000e+00, 0.00000000e+00,
        0.00000000e+00, 0.00000000e+00, 0.00000000e+00, 0.00000000e+00]]), i=array([[105.  ],
       [155.  ],
       [101.  ],
       [ 34.  ],
       [ 48.35],
       [ 30.65],
       [ 21.  ],
       [  5.  ]], dtype=float32)
Population vector: [[3.52637149e+03]
 [1.29568058e+03]
 [4.54947825e+02]
 [9.17235542e+01]
 [1.97886157e+01]
 [7.85859529e-01]
 [6.74662693e-02]
 [7.73568995e-05]]
Sum: 5389.365461393393
L_n=array([[5.45124265e+00, 1.38649614e+01, 1.44062735e+01, 9.34580801e+00,
        4.96125455e+00, 0.00000000e+00, 0.00000000e+00, 0.00000000e+00],
       [2.02648158e+00, 5.45124265e+00, 5.80392950e+00, 3.80274304e+00,
        2.05356354e+00, 0.00000000e+00, 0.00000000e+00, 0.00000000e+00],
       [6.96631940e-01, 1.68301020e+00, 1.70743839e+00, 1.09652293e+00,
        5.71853649e-01, 0.00000000e+00, 0.00000000e+00, 0.00000000e+00],
       [1.46482519e-01, 4.36870917e-01, 4.83625528e-01, 3.21792921e-01,
        1.78176494e-01, 0.00000000e+00, 0.00000000e+00, 0.00000000e+00],
       [2.96047095e-02, 5.95861115e-02, 5.48774529e-02, 3.36584731e-02,
        1.61516910e-02, 0.00000000e+00, 0.00000000e+00, 0.00000000e+00],
       [1.34183278e-03, 6.02129707e-03, 7.38130688e-03, 5.10507879e-03,
        2.97605476e-03, 0.00000000e+00, 0.00000000e+00, 0.00000000e+00],
       [1.03017280e-04, 1.13714647e-04, 6.07877923e-05, 2.29860493e-05,
        0.00000000e+00, 0.00000000e+00, 0.00000000e+00, 0.00000000e+00],
       [0.00000000e+00, 1.74605565e-06, 2.32070706e-06, 1.64291321e-06,
        9.57752054e-07, 0.00000000e+00, 0.00000000e+00, 0.00000000e+00]]), i=array([[105.  ],
       [155.  ],
       [101.  ],
       [ 34.  ],
       [ 48.35],
       [ 30.65],
       [ 21.  ],
       [  5.  ]], dtype=float32)
Population vector: [[4.73411724e+03]
 [1.87250311e+03]
 [5.71395115e+02]
 [1.51497628e+02]
 [1.98122868e+01]
 [2.13717040e+00]
 [3.53636773e-02]
 [6.07196398e-04]]
Sum: 7351.498523337428
L_n=array([[7.36229393e+00, 1.92726108e+01, 2.02835690e+01, 1.32279021e+01,
        7.08661518e+00, 0.00000000e+00, 0.00000000e+00, 0.00000000e+00],
       [2.89460962e+00, 7.36229393e+00, 7.64973062e+00, 4.96262367e+00,
        2.63442596e+00, 0.00000000e+00, 0.00000000e+00, 0.00000000e+00],
       [8.93678346e-01, 2.40399792e+00, 2.55953282e+00, 1.67700962e+00,
        9.05621489e-01, 0.00000000e+00, 0.00000000e+00, 0.00000000e+00],
       [2.31978439e-01, 5.60442404e-01, 5.68576993e-01, 3.65142141e-01,
        1.90427268e-01, 0.00000000e+00, 0.00000000e+00, 0.00000000e+00],
       [3.16402227e-02, 9.43641141e-02, 1.04463110e-01, 6.95072680e-02,
        3.84861210e-02, 0.00000000e+00, 0.00000000e+00, 0.00000000e+00],
       [3.19730849e-03, 6.43529976e-03, 5.92676466e-03, 3.63511494e-03,
        1.74438256e-03, 0.00000000e+00, 0.00000000e+00, 0.00000000e+00],
       [6.03824727e-05, 2.70958356e-04, 3.32158795e-04, 2.29728535e-04,
        1.33922459e-04, 0.00000000e+00, 0.00000000e+00, 0.00000000e+00],
       [9.27155477e-07, 1.02343178e-06, 5.47090107e-07, 2.06874435e-07,
        0.00000000e+00, 0.00000000e+00, 0.00000000e+00, 0.00000000e+00]]), i=array([[105.  ],
       [155.  ],
       [101.  ],
       [ 34.  ],
       [ 48.35],
       [ 30.65],
       [ 21.  ],
       [  5.  ]], dtype=float32)
Population vector: [[6.60132251e+03]
 [2.51381606e+03]
 [8.25773844e+02]
 [1.90274576e+02]
 [3.27234861e+01]
 [2.13972689e+00]
 [9.61726640e-02]
 [3.18273082e-04]]
Sum: 10166.146695997359
L_n=array([[1.02337556e+01, 2.63936894e+01, 2.75961181e+01, 1.79486244e+01,
        9.57098176e+00, 0.00000000e+00, 0.00000000e+00, 0.00000000e+00],
       [3.90937777e+00, 1.02337556e+01, 1.07705743e+01, 7.02401549e+00,
        3.76299237e+00, 0.00000000e+00, 0.00000000e+00, 0.00000000e+00],
       [1.27652280e+00, 3.24677151e+00, 3.37353109e+00, 2.18851696e+00,
        1.16178181e+00, 0.00000000e+00, 0.00000000e+00, 0.00000000e+00],
       [2.97594893e-01, 8.00531319e-01, 8.52324440e-01, 5.58444212e-01,
        3.01571960e-01, 0.00000000e+00, 0.00000000e+00, 0.00000000e+00],
       [5.01073407e-02, 1.21055554e-01, 1.22812625e-01, 7.88706991e-02,
        4.11322880e-02, 0.00000000e+00, 0.00000000e+00, 0.00000000e+00],
       [3.41714391e-03, 1.01913239e-02, 1.12820153e-02, 7.50678462e-03,
        4.15650089e-03, 0.00000000e+00, 0.00000000e+00, 0.00000000e+00],
       [1.43878876e-04, 2.89588477e-04, 2.66704398e-04, 1.63580165e-04,
        7.84972116e-05, 0.00000000e+00, 0.00000000e+00, 0.00000000e+00],
       [5.43442231e-07, 2.43862510e-06, 2.98942903e-06, 2.06755673e-06,
        1.20530208e-06, 0.00000000e+00, 0.00000000e+00, 0.00000000e+00]]), i=array([[105.  ],
       [155.  ],
       [101.  ],
       [ 34.  ],
       [ 48.35],
       [ 30.65],
       [ 21.  ],
       [  5.  ]], dtype=float32)
Population vector: [[9.02578430e+03]
 [3.50530198e+03]
 [1.10859284e+03]
 [2.74982694e+02]
 [4.10993066e+01]
 [3.53413635e+00]
 [9.62877058e-02]
 [8.65553939e-04]]
Sum: 13959.392409660239
L_culled=array([[0.        , 2.36999989, 3.1500001 , 2.23000002, 1.29999995,
        0.        , 0.        , 0.        ],
       [0.47199997, 0.        , 0.        , 0.        , 0.        ,
        0.        , 0.        , 0.        ],
       [0.        , 0.39200002, 0.        , 0.        , 0.        ,
        0.        , 0.        , 0.        ],
       [0.        , 0.        , 0.296     , 0.        , 0.        ,
        0.        , 0.        , 0.        ],
       [0.        , 0.        , 0.        , 0.192     , 0.        ,
        0.        , 0.        , 0.        ],
       [0.        , 0.        , 0.        , 0.        , 0.096     ,
        0.        , 0.        , 0.        ],
       [0.        , 0.        , 0.        , 0.        , 0.        ,
        0.04      , 0.        , 0.        ],
       [0.        , 0.        , 0.        , 0.        , 0.        ,
        0.        , 0.008     , 0.        ]])
L_n=array([[1., 0., 0., 0., 0., 0., 0., 0.],
       [0., 1., 0., 0., 0., 0., 0., 0.],
       [0., 0., 1., 0., 0., 0., 0., 0.],
       [0., 0., 0., 1., 0., 0., 0., 0.],
       [0., 0., 0., 0., 1., 0., 0., 0.],
       [0., 0., 0., 0., 0., 1., 0., 0.],
       [0., 0., 0., 0., 0., 0., 1., 0.],
       [0., 0., 0., 0., 0., 0., 0., 1.]]), i=array([[105.  ],
       [155.  ],
       [101.  ],
       [ 34.  ],
       [ 48.35],
       [ 30.65],
       [ 21.  ],
       [  5.  ]], dtype=float32)
Population vector: [[105.        ]
 [155.        ]
 [101.        ]
 [ 34.        ]
 [ 48.34999847]
 [ 30.64999962]
 [ 21.        ]
 [  5.        ]]
Sum: 499.99999809265137
L_n=array([[0.        , 2.36999989, 3.1500001 , 2.23000002, 1.29999995,
        0.        , 0.        , 0.        ],
       [0.47199997, 0.        , 0.        , 0.        , 0.        ,
        0.        , 0.        , 0.        ],
       [0.        , 0.39200002, 0.        , 0.        , 0.        ,
        0.        , 0.        , 0.        ],
       [0.        , 0.        , 0.296     , 0.        , 0.        ,
        0.        , 0.        , 0.        ],
       [0.        , 0.        , 0.        , 0.192     , 0.        ,
        0.        , 0.        , 0.        ],
       [0.        , 0.        , 0.        , 0.        , 0.096     ,
        0.        , 0.        , 0.        ],
       [0.        , 0.        , 0.        , 0.        , 0.        ,
        0.04      , 0.        , 0.        ],
       [0.        , 0.        , 0.        , 0.        , 0.        ,
        0.        , 0.008     , 0.        ]]), i=array([[105.  ],
       [155.  ],
       [101.  ],
       [ 34.  ],
       [ 48.35],
       [ 30.65],
       [ 21.  ],
       [  5.  ]], dtype=float32)
Population vector: [[8.24174988e+02]
 [4.95599972e+01]
 [6.07600030e+01]
 [2.98960004e+01]
 [6.52800006e+00]
 [4.64159989e+00]
 [1.22600007e+00]
 [1.68000008e-01]]
Sum: 976.9545888699681
L_n=array([[1.11863988e+00, 1.23480010e+00, 6.60080014e-01, 2.49599993e-01,
        0.00000000e+00, 0.00000000e+00, 0.00000000e+00, 0.00000000e+00],
       [0.00000000e+00, 1.11863988e+00, 1.48679996e+00, 1.05255995e+00,
        6.13599942e-01, 0.00000000e+00, 0.00000000e+00, 0.00000000e+00],
       [1.85023999e-01, 0.00000000e+00, 0.00000000e+00, 0.00000000e+00,
        0.00000000e+00, 0.00000000e+00, 0.00000000e+00, 0.00000000e+00],
       [0.00000000e+00, 1.16032007e-01, 0.00000000e+00, 0.00000000e+00,
        0.00000000e+00, 0.00000000e+00, 0.00000000e+00, 0.00000000e+00],
       [0.00000000e+00, 0.00000000e+00, 5.68320012e-02, 0.00000000e+00,
        0.00000000e+00, 0.00000000e+00, 0.00000000e+00, 0.00000000e+00],
       [0.00000000e+00, 0.00000000e+00, 0.00000000e+00, 1.84320003e-02,
        0.00000000e+00, 0.00000000e+00, 0.00000000e+00, 0.00000000e+00],
       [0.00000000e+00, 0.00000000e+00, 0.00000000e+00, 0.00000000e+00,
        3.84000031e-03, 0.00000000e+00, 0.00000000e+00, 0.00000000e+00],
       [0.00000000e+00, 0.00000000e+00, 0.00000000e+00, 0.00000000e+00,
        0.00000000e+00, 3.20000038e-04, 0.00000000e+00, 0.00000000e+00]]), i=array([[105.  ],
       [155.  ],
       [101.  ],
       [ 34.  ],
       [ 48.35],
       [ 30.65],
       [ 21.  ],
       [  5.  ]], dtype=float32)
Population vector: [[3.84005684e+02]
 [3.89010572e+02]
 [1.94275199e+01]
 [1.79849611e+01]
 [5.74003212e+00]
 [6.26688011e-01]
 [1.85664009e-01]
 [9.80800104e-03]]
Sum: 816.9909295404132
L_n=array([[5.82825613e-01, 2.90992777e+00, 3.59759733e+00, 2.49456696e+00,
        1.45423179e+00, 0.00000000e+00, 0.00000000e+00, 0.00000000e+00],
       [5.27997994e-01, 5.82825613e-01, 3.11557749e-01, 1.17811190e-01,
        0.00000000e+00, 0.00000000e+00, 0.00000000e+00, 0.00000000e+00],
       [0.00000000e+00, 4.38506856e-01, 5.82825613e-01, 4.12603521e-01,
        2.40531189e-01, 0.00000000e+00, 0.00000000e+00, 0.00000000e+00],
       [5.47671043e-02, 0.00000000e+00, 0.00000000e+00, 0.00000000e+00,
        0.00000000e+00, 0.00000000e+00, 0.00000000e+00, 0.00000000e+00],
       [0.00000000e+00, 2.22781456e-02, 0.00000000e+00, 0.00000000e+00,
        0.00000000e+00, 0.00000000e+00, 0.00000000e+00, 0.00000000e+00],
       [0.00000000e+00, 0.00000000e+00, 5.45587217e-03, 0.00000000e+00,
        0.00000000e+00, 0.00000000e+00, 0.00000000e+00, 0.00000000e+00],
       [0.00000000e+00, 0.00000000e+00, 0.00000000e+00, 7.37280065e-04,
        0.00000000e+00, 0.00000000e+00, 0.00000000e+00, 0.00000000e+00],
       [0.00000000e+00, 0.00000000e+00, 0.00000000e+00, 0.00000000e+00,
        3.07200039e-05, 0.00000000e+00, 0.00000000e+00, 0.00000000e+00]]), i=array([[105.  ],
       [155.  ],
       [101.  ],
       [ 34.  ],
       [ 48.35],
       [ 30.65],
       [ 21.  ],
       [  5.  ]], dtype=float32)
Population vector: [[1.03072021e+03]
 [1.81250673e+02]
 [1.52492152e+02]
 [5.75054595e+00]
 [3.45311257e+00]
 [5.51043089e-01]
 [2.50675222e-02]
 [1.48531214e-03]]
Sum: 1374.2442852218026
L_n=array([[1.37348583e+00, 2.79155486e+00, 2.57429257e+00, 1.57891364e+00,
        7.57673270e-01, 0.00000000e+00, 0.00000000e+00, 0.00000000e+00],
       [2.75093674e-01, 1.37348583e+00, 1.69806584e+00, 1.17743554e+00,
        6.86397367e-01, 0.00000000e+00, 0.00000000e+00, 0.00000000e+00],
       [2.06975224e-01, 2.28467652e-01, 1.22130644e-01, 4.61819888e-02,
        0.00000000e+00, 0.00000000e+00, 0.00000000e+00, 0.00000000e+00],
       [0.00000000e+00, 1.29798031e-01, 1.72516384e-01, 1.22130644e-01,
        7.11972330e-02, 0.00000000e+00, 0.00000000e+00, 0.00000000e+00],
       [1.05152841e-02, 0.00000000e+00, 0.00000000e+00, 0.00000000e+00,
        0.00000000e+00, 0.00000000e+00, 0.00000000e+00, 0.00000000e+00],
       [0.00000000e+00, 2.13870200e-03, 0.00000000e+00, 0.00000000e+00,
        0.00000000e+00, 0.00000000e+00, 0.00000000e+00, 0.00000000e+00],
       [0.00000000e+00, 0.00000000e+00, 2.18234902e-04, 0.00000000e+00,
        0.00000000e+00, 0.00000000e+00, 0.00000000e+00, 0.00000000e+00],
       [0.00000000e+00, 0.00000000e+00, 0.00000000e+00, 5.89824080e-06,
        0.00000000e+00, 0.00000000e+00, 0.00000000e+00, 0.00000000e+00]]), i=array([[105.  ],
       [155.  ],
